original m
array([[1, 2, 3],
       [3, 4, 5],
       [5, 4, 3],
       [0, 2, 4],
       [1, 3, 5]])
(a) compute mTm and mmT
array([[36, 37, 38],
       [37, 49, 61],
       [38, 61, 84]])
array([[14, 26, 22, 16, 22],
       [26, 50, 46, 28, 40],
       [22, 46, 50, 20, 32],
       [16, 28, 20, 20, 26],
       [22, 40, 32, 26, 35]])
(b) eigenpairs for mTm and mmT
eigpairs for mTm
[  1.53566996e+02   1.54330035e+01   4.80589926e-15]
[[-0.40928285 -0.81597848  0.40824829]
 [-0.56345932 -0.12588456 -0.81649658]
 [-0.7176358   0.56420935  0.40824829]]
eigenpairs for mmT
[  1.53566996e+02  -1.03322028e-14   1.54330035e+01   2.54653026e-15
  -3.61063094e-15]
[[ 0.29769568  0.94131607 -0.15906393  0.12508859  0.07520849]
 [ 0.57050856 -0.17481584  0.0332003  -0.45318832 -0.07287035]
 [ 0.52074297 -0.04034212  0.73585663  0.32553276 -0.10566284]
 [ 0.32257847 -0.18826321 -0.5103921   0.72000366 -0.72571726]
 [ 0.45898491 -0.21515796 -0.41425998 -0.39318742  0.67171677]]
rank
2
(c) decomposed V, sigma, U
array([[ 0.40928285,  0.81597848],
       [ 0.56345932,  0.12588456],
       [ 0.7176358 , -0.56420935]])
array([[ 12.39221516,   0.        ],
       [  0.        ,   3.92848616]])
array([[ 0.29769568, -0.15906393],
       [ 0.57050856,  0.0332003 ],
       [ 0.52074297,  0.73585663],
       [ 0.32257847, -0.5103921 ],
       [ 0.45898491, -0.41425998]])
(d) updated sigma and M
array([[ 12.39221516,   0.        ],
       [  0.        ,   0.        ]])
array([[ 1.509889  ,  2.0786628 ,  2.64743661],
       [ 2.89357443,  3.98358126,  5.0735881 ],
       [ 2.64116728,  3.63609257,  4.63101787],
       [ 1.63609257,  2.25240715,  2.86872172],
       [ 2.32793529,  3.20486638,  4.08179747]])
(e) compute total E, retained E and ratio
169.0
153.56699646
0.908680452426
